# Created by Octave 5.2.0, Sat May 02 09:28:35 2020 GMT <unknown@DESKTOP-OAO29OE>
# name: countries
# type: cell
# rows: 43
# columns: 1
# name: <cell-element>
# type: scalar struct
# ndims: 2
 1 1
# length: 2
# name: name
# type: string
# elements: 1
# length: 2
AT


# name: boarders
# type: cell
# rows: 1
# columns: 6
# name: <cell-element>
# type: cell
# rows: 1
# columns: 1
# name: <cell-element>
# type: matrix
# rows: 2
# columns: 2
 9.6210000000000004 47.152000000000001
 9.5310000000000006 47.271000000000001






# name: <cell-element>
# type: cell
# rows: 1
# columns: 1
# name: <cell-element>
# type: matrix
# rows: 2
# columns: 2
 9.5310000000000006 47.271000000000001
 9.5589999999999993 47.542000000000002






# name: <cell-element>
# type: cell
# rows: 1
# columns: 1
# name: <cell-element>
# type: matrix
# rows: 7
# columns: 2
 17.161000000000001 48.006999999999998
 16.991 47.719999999999999
 16.422000000000001 47.664999999999999
 16.646000000000001 47.447000000000003
 16.434000000000001 47.353000000000002
 16.459 47.043999999999997
 16.114000000000001 46.869






# name: <cell-element>
# type: cell
# rows: 1
# columns: 1
# name: <cell-element>
# type: matrix
# rows: 6
# columns: 2
 16.940000000000001 48.616999999999997
 16.949999999999999 48.536000000000001
 16.850999999999999 48.439
 16.975999999999999 48.171999999999997
 17.067 48.119
 17.161000000000001 48.006999999999998






# name: <cell-element>
# type: cell
# rows: 1
# columns: 1
# name: <cell-element>
# type: matrix
# rows: 39
# columns: 2
 9.5589999999999993 47.542000000000002
 9.968 47.545999999999999
 10 47.482999999999997
 10.178000000000001 47.270000000000003
 10.419 47.387999999999998
 10.454000000000001 47.555999999999997
 10.885999999999999 47.536999999999999
 10.991 47.396000000000001
 11.016999999999999 47.396000000000001
 11.420999999999999 47.445
 11.41 47.494999999999997
 11.632999999999999 47.591999999999999
 11.856999999999999 47.601999999999997
 12.061 47.619
 12.337999999999999 47.697000000000003
 12.574999999999999 47.631999999999998
 12.696 47.682000000000002
 13.045999999999999 47.521000000000001
 12.959 47.875
 12.875999999999999 47.963000000000001
 12.859999999999999 47.997
 12.752000000000001 48.113
 12.945 48.207000000000001
 13.177 48.293999999999997
 13.456 48.558999999999997
 13.462999999999999 48.554000000000002
 13.475 48.555999999999997
 13.477 48.563000000000002
 13.486000000000001 48.561999999999998
 13.492000000000001 48.564999999999998
 13.494 48.569000000000003
 13.504 48.573
 13.506 48.576999999999998
 13.503 48.584000000000003
 13.507 48.590000000000003
 13.51 48.590000000000003
 13.727 48.512999999999998
 13.795999999999999 48.713999999999999
 13.84 48.771999999999998






# name: <cell-element>
# type: cell
# rows: 1
# columns: 1
# name: <cell-element>
# type: matrix
# rows: 6
# columns: 2
 13.84 48.771999999999998
 14.691000000000001 48.584000000000003
 15.039999999999999 48.966999999999999
 15.542 48.908000000000001
 15.754 48.851999999999997
 16.940000000000001 48.616999999999997










# name: <cell-element>
# type: scalar struct
# ndims: 2
 1 1
# length: 2
# name: name
# type: string
# elements: 1
# length: 2
NL


# name: boarders
# type: cell
# rows: 1
# columns: 2
# name: <cell-element>
# type: cell
# rows: 1
# columns: 1
# name: <cell-element>
# type: matrix
# rows: 2
# columns: 2
 3.3660000000000001 51.369999999999997
 4.2350000000000003 51.347999999999999






# name: <cell-element>
# type: cell
# rows: 1
# columns: 1
# name: <cell-element>
# type: matrix
# rows: 20
# columns: 2
 4.2439999999999998 51.375
 3.6869999999999998 51.517000000000003
 3.839 51.758000000000003
 4.1280000000000001 52.000999999999998
 4.1980000000000004 52.054000000000002
 4.3739999999999997 52.186999999999998
 4.4939999999999998 52.328000000000003
 4.5609999999999999 52.436999999999998
 4.6100000000000003 52.573
 4.649 52.756
 4.7640000000000002 53.207000000000001
 5.1639999999999997 53.000999999999998
 5.4109999999999996 53.152000000000001
 5.5199999999999996 53.255000000000003
 5.8769999999999998 53.381999999999998
 6.1909999999999998 53.411000000000001
 6.4489999999999998 53.423000000000002
 6.875 53.408000000000001
 7.0979999999999999 53.255000000000003
 7.2089999999999996 53.243000000000002










# name: <cell-element>
# type: scalar struct
# ndims: 2
 1 1
# length: 2
# name: name
# type: string
# elements: 1
# length: 2
AD


# name: boarders
# type: cell
# rows: 0
# columns: 0




# name: <cell-element>
# type: scalar struct
# ndims: 2
 1 1
# length: 2
# name: name
# type: string
# elements: 1
# length: 2
GR


# name: boarders
# type: cell
# rows: 0
# columns: 0




# name: <cell-element>
# type: scalar struct
# ndims: 2
 1 1
# length: 2
# name: name
# type: string
# elements: 1
# length: 2
RS


# name: boarders
# type: cell
# rows: 1
# columns: 9
# name: <cell-element>
# type: cell
# rows: 1
# columns: 1
# name: <cell-element>
# type: matrix
# rows: 6
# columns: 2
 20.594000000000001 41.877000000000002
 20.922000000000001 42.109000000000002
 21.213000000000001 42.110999999999997
 21.443000000000001 42.234999999999999
 21.587 42.262999999999998
 22.359999999999999 42.311






# name: <cell-element>
# type: cell
# rows: 1
# columns: 1
# name: <cell-element>
# type: matrix
# rows: 5
# columns: 2
 20.076000000000001 42.555999999999997
 20.265000000000001 42.393000000000001
 20.469999999999999 42.216000000000001
 20.518000000000001 42.106000000000002
 20.594000000000001 41.877000000000002






# name: <cell-element>
# type: cell
# rows: 1
# columns: 1
# name: <cell-element>
# type: matrix
# rows: 4
# columns: 2
 19.224 43.527999999999999
 20.064 43.006999999999998
 20.353000000000002 42.832999999999998
 20.076000000000001 42.555999999999997






# name: <cell-element>
# type: cell
# rows: 1
# columns: 1
# name: <cell-element>
# type: matrix
# rows: 11
# columns: 2
 22.359999999999999 42.311
 22.460999999999999 42.648000000000003
 22.443000000000001 42.825000000000003
 22.515999999999998 42.869
 22.748000000000001 42.890000000000001
 23.006 43.192999999999998
 22.747 43.387
 22.667000000000002 43.402999999999999
 22.407 43.752000000000002
 22.536000000000001 44.045999999999999
 22.675000000000001 44.216000000000001






# name: <cell-element>
# type: cell
# rows: 1
# columns: 1
# name: <cell-element>
# type: matrix
# rows: 6
# columns: 2
 19.021999999999998 44.854999999999997
 19.350999999999999 44.889000000000003
 19.141999999999999 44.421999999999997
 19.497 44.098999999999997
 19.475999999999999 43.637
 19.224 43.527999999999999






# name: <cell-element>
# type: cell
# rows: 1
# columns: 1
# name: <cell-element>
# type: matrix
# rows: 6
# columns: 2
 22.675000000000001 44.216000000000001
 22.5 44.612000000000002
 22.015999999999998 44.598999999999997
 22.012 44.601999999999997
 21.358000000000001 44.822000000000003
 21.478999999999999 45.192999999999998






# name: <cell-element>
# type: cell
# rows: 1
# columns: 1
# name: <cell-element>
# type: matrix
# rows: 7
# columns: 2
 18.890000000000001 45.920999999999999
 19.033999999999999 45.487000000000002
 19.004999999999999 45.435000000000002
 19.077000000000002 45.340000000000003
 19.425000000000001 45.167999999999999
 19.137 45.119
 19.021999999999998 44.854999999999997






# name: <cell-element>
# type: cell
# rows: 1
# columns: 1
# name: <cell-element>
# type: matrix
# rows: 4
# columns: 2
 21.478999999999999 45.192999999999998
 21.016999999999999 45.325000000000003
 20.663 45.793999999999997
 20.263999999999999 46.125999999999998






# name: <cell-element>
# type: cell
# rows: 1
# columns: 1
# name: <cell-element>
# type: matrix
# rows: 6
# columns: 2
 20.263999999999999 46.125999999999998
 20.135999999999999 46.134
 19.864999999999998 46.149999999999999
 19.698 46.188000000000002
 19.303000000000001 45.991999999999997
 18.890000000000001 45.920999999999999










# name: <cell-element>
# type: scalar struct
# ndims: 2
 1 1
# length: 2
